0 1 1 1 1 0
1 1 2 1 1 0
2 2 2 0 2 0
3 0 0 1 3 1
4 0 0 2 1 0
5 2 0 2 0  2
          14 0 0 0 0 3
          15 0 0 0 4 0
          16 0 1 1 1 1
          17 0 1 2 1 1
          18 0 2 2 0 1
          19 3 1 0 0 1
          20 0 0 0 2 1
          21 0 2 0 0 2
          22 0 3 0 0 0
          23 0 0 4 0 0
          24 1 1 0 1 1
          25 1 1 0 1 2
          26 0 1 0 2 2
          27 1 3 1 0 0
          28 2 1 0 0 0
          29 0 2 0 2 0
          30 0 0 0 3 0
          31 0 0 0 0 4
          32 1 1 1 0 1
          33 2 1 1 0 1
          34 2 0 1 0 2
          35 1 0 0 1 3
          36 0 2 1 0 0
          37 2 0 0 2 0
          38 3 0 0 0 0
          39 4 0 0 0 0
          40 3 2 2 0 0
          41 3 0 3 0 2
          42 0 1 4 2 0
          43 0 0 5 3 0
          44 5 0 0 0 0
          45 0 0 0 0 6
          46 0 2 2 3 0
          47 0 2 3 0 3
          48 5 3 0 0 0
          49 2 0 0 1 4
          50 0 5 0 0 0
          51 0 6 0 0 0
          52 0 0 3 2 2
          53 2 3 0 3 0
          54 0 0 1 4 2
          55 0 0 0 5 3
          56 0 0 0 5 0
          57 6 0 0 0 0
          58 3 0 2 3 0
          59 2 3 0 0 2
          60 4 2 0 0 1
          61 0 5 3 0 0
          62 0 0 5 0 0
          63 0 0 6 0 0
          64 2 0 0 2 3
          65 0 3 0 2 3
          66 1 4 2 0 0
          67 3 0 0 0 5
          68 0 0 0 0 5
          69 0 0 0 6 0
          70 3 3 5 3 0
          71 0 0 0 7 0
          72 0 0 3 6 3
          73 0 0 0 7 3
          74 3 0 3 3 5
          75 7 0 0 0 0
          76 6 3 0 0 3
          77 7 3 0 0 0
          78 0 3 3 5 3
          79 0 0 0 0 7
          80 3 0 0 3 6
          81 3 0 0 0 7
          82 5 3 0 3 3
          83 0 7 0 0 0
          84 3 6 3 0 0
          85 0 7 3 0 0
          86 3 5 3 0 3
          87 0 0 7 0 0
          88 0 3 6 3 0
          89 0 0 7 3 0
          0 7 k
          8 15 u
          16 23 w
          24 31 g
          32 39 r
          40 45 k
          46 51 u
          52 57 w
          58 63 g
          64 69 r
          70 73 k
          74 77 u
          78 81 w
          82 85 g
          86 89 r
          0 0
          1 0
          2 0
          3 0
          4 0
          5 0
          6 0
          7 1
          8 0
          9 0
          10 0
          11 0
          12 0
          13 0
          14 0
          15 1
          16 0
          17 0
          18 0
          19 0
          20 0
          21 0
          22 0
          23 1
          24 0
          25 0
          26 0
          27 0
          28 0
          29 0
          30 0
          31 1
          32 0
          33 0
          34 0
          35 0
          36 0
          37 0
          38 0
          39 1
          40 1
          41 1
          42 2
          43 2
          44 2
          45 3
          46 1
          47 1
          48 2
          49 2
          50 2
          51 3
          52 1
          53 1
          54 2
          55 2
          56 2
          57 3
          58 1
          59 1
          60 2
          61 2
          62 2
          63 3
          64 1
          65 1
          66 2
          67 2
          68 2
          69 3
          70 3
          71 4
          72 4
          73 5
          74 3
          75 4
          76 4
          77 5
          78 3
          79 4
          80 4
          81 5
          82 3
          83 4
          84 4
          85 5
          86 3
          87 4
          88 40
6 0 0 3 0 0
7 0 4 0 0 0
8 1 0 1 1 1
9 1 0 1 2 1
10 1 0 2 2 0
11 0 1 3 1 0
12 1 0 0 0 2
13 0 0 2 0
89 5